0 0.436486 0.464865 0.525676 0.464865 0.525676 0.589189 0.436486 0.589189 0
0 0.322568 0.537162 0.451554 0.537162 0.451554 0.597770 0.322568 0.597770 0
13 0.263514 0.457905 0.445338 0.457905 0.445338 0.538716 0.263514 0.538716 1
1 0.024189 0.443919 0.160946 0.443919 0.160946 0.661486 0.024189 0.661486 0
2 0.017973 0.638176 0.389392 0.638176 0.389392 0.799797 0.017973 0.799797 0
3 0.408041 0.816892 0.634932 0.816892 0.634932 0.967635 0.408041 0.967635 0
16 0.627162 0.447027 0.795000 0.447027 0.795000 0.913243 0.627162 0.913243 0
5 0.000000 0.218581 1.000000 0.218581 1.000000 0.440811 0.000000 0.440811 1
0 0.611622 0.013446 0.745270 0.013446 0.745270 0.209257 0.611622 0.209257 1
0 0.011757 0.002568 0.328784 0.002568 0.328784 0.221689 0.011757 0.221689 1
